 ihvy       5.0000000000000000     
 njets      2.0000000000000000     
 ptjmin     20.000000000000000     
 drjmin    0.20000000000000001     
 drbmin    0.20000000000000001     
 etajmax    5.0000000000000000     
 etabmax    5.0000000000000000     
 ebeam      6800.0000000000000     
 ih2        1.0000000000000000     
 ilhapdf    1.0000000000000000     
lhapdfst cteq6l1
 lhapdfid   0.0000000000000000     
 eoi           1

  a-priori weights for variable n.   1

  1      0.597286207D+00
  2      0.171716602D-01
  3      0.574879169D-01
  4      0.286069794D+00
  5      0.249165675D-01
  6      0.170678541D-01

  a-priori weights for variable n.   2

  1      0.509879572D+00
  2      0.738850394D-01
  3      0.242197547D+00
  4      0.109652639D+00
  5      0.129564284D-01
  6      0.113161543D-01
  7      0.101119661D-01
  8      0.100006528D-01
  9      0.100000020D-01
 10      0.100000000D-01

  a-priori weights for variable n.   3

  1      0.109854137D-01
  2      0.289159720D-01
  3      0.523877893D+00
  4      0.487101979D-01
  5      0.199587735D-01
  6      0.289098132D-01
  7      0.202099971D+00
  8      0.257890421D-01
  9      0.866591073D-01
 10      0.240938158D-01

  a-priori weights for variable n.   4

  1      0.847383379D+00
  2      0.575038713D-01
  3      0.233717867D-01
  4      0.981887327D-02
  5      0.180191541D-01
  6      0.658717878D-02
  7      0.191249865D-01
  8      0.779765105D-02
  9      0.523580946D-02
 10      0.515731034D-02

  a-priori weights for variable n.   5

  1      0.695486675D+00
  2      0.574264322D-01
  3      0.879576126D-01
  4      0.114282368D-01
  5      0.858701662D-02
  6      0.302446474D-01
  7      0.877521418D-02
  8      0.192806809D-01
  9      0.301323554D-01
 10      0.506811286D-01

  a-priori weights for variable n.   6

  1      0.125294951D+00
  2      0.759767271D-01
  3      0.677657506D+00
  4      0.955735963D-02
  5      0.535170411D-01
  6      0.781696714D-02
  7      0.124244896D-01
  8      0.270847960D-01
  9      0.511796230D-02
 10      0.555220065D-02

  a-priori weights for variable n.   7

  1      0.245306232D-01
  2      0.122665647D-01
  3      0.939238462D-02
  4      0.737967775D+00
  5      0.164053815D-01
  6      0.277700716D-01
  7      0.770387864D-02
  8      0.811189418D-02
  9      0.138549472D+00
 10      0.173019539D-01

  a-priori weights for variable n.   8

  1      0.553159874D-02
  2      0.703780522D-02
  3      0.116875967D-01
  4      0.157154457D-01
  5      0.779175306D+00
  6      0.917752985D-01
  7      0.202888805D-01
  8      0.235455104D-01
  9      0.281235695D-01
 10      0.171189888D-01

  a-priori weights for variable n.   9

  1      0.538852928D+00
  2      0.171761741D-01
  3      0.132809722D-01
  4      0.562492220D-01
  5      0.201034845D-01
  6      0.341076875D-01
  7      0.206856877D-01
  8      0.326783555D-01
  9      0.385959252D-01
 10      0.228269563D+00

  a-priori weights for variable n.  10

  1      0.138734424D+00
  2      0.534392158D-01
  3      0.621831455D-01
  4      0.140520689D+00
  5      0.541544195D+00
  6      0.234855725D-01
  7      0.100916761D-01
  8      0.100010814D-01
  9      0.100000007D-01
 10      0.100000000D-01

  a-priori weights for variable n.  11

  1      0.128546486D-01
  2      0.434577130D-01
  3      0.434011613D-01
  4      0.195088307D-01
  5      0.281205521D-01
  6      0.653071414D+00
  7      0.105606315D+00
  8      0.222311487D-01
  9      0.153714444D-01
 10      0.563767723D-01

  a-priori weights for variable n.  12

  1      0.207605545D+00
  2      0.603763037D-01
  3      0.562467797D-01
  4      0.600052612D+00
  5      0.249471854D-01
  6      0.104488583D-01
  7      0.103203971D-01
  8      0.100023141D-01
  9      0.100000055D-01
 10      0.100000000D-01

  a-priori weights for variable n.  13

  1      0.316260186D-01
  2      0.173846717D+00
  3      0.515459993D+00
  4      0.144114657D+00
  5      0.836298157D-01
  6      0.111949833D-01
  7      0.101234899D-01
  8      0.100042176D-01
  9      0.100001087D-01
 10      0.100000000D-01

  a-priori weights for variable n.  14

  1      0.104561086D+00
  2      0.125102595D+00
  3      0.149558710D+00
  4      0.555527466D-01
  5      0.426534797D-01
  6      0.281307355D-01
  7      0.593832348D-01
  8      0.219976356D+00
  9      0.678073006D-01
 10      0.147273756D+00

  a-priori weights for variable n.  15

  1      0.282909793D+00
  2      0.213574291D+00
  3      0.789964155D-01
  4      0.202339626D+00
  5      0.140440156D+00
  6      0.215532811D-01
  7      0.355561434D-01
  8      0.910213237D-02
  9      0.909674329D-02
 10      0.643141770D-02

  a-priori weights for variable n.  16

  1      0.787914670D-01
  2      0.142301089D+00
  3      0.162617125D-01
  4      0.326931607D-01
  5      0.158348531D+00
  6      0.147028966D+00
  7      0.666611228D-01
  8      0.938306168D-01
  9      0.148696888D+00
 10      0.115386446D+00

  a-priori weights for variable n.  17

  1      0.507029780D+00
  2      0.166638607D+00
  3      0.391175429D-01
  4      0.772530189D-01
  5      0.628520677D-01
  6      0.772630048D-02
  7      0.150249775D-01
  8      0.108311281D-01
  9      0.107573545D+00
 10      0.595303248D-02

  a-priori weights for variable n.  18

  1      0.354846681D+00
  2      0.122882710D+00
  3      0.793370938D-01
  4      0.104749757D+00
  5      0.444313537D-01
  6      0.154098619D+00
  7      0.699057024D-01
  8      0.129536904D-01
  9      0.445869966D-01
 10      0.122073961D-01

  a-priori weights for variable n.  19

  1      0.985660865D-01
  2      0.859757147D-02
  3      0.108187785D+00
  4      0.194967389D+00
  5      0.130423728D-01
  6      0.712123364D-01
  7      0.117508079D+00
  8      0.167270483D+00
  9      0.191143720D+00
 10      0.295041771D-01

  a-priori weights for variable n.  20

  1      0.628489941D-01
  2      0.806153804D-01
  3      0.672308771D-01
  4      0.120716988D+00
  5      0.126674657D+00
  6      0.132830909D+00
  7      0.582408522D-01
  8      0.153538531D+00
  9      0.178883508D+00
 10      0.184193029D-01

  a-priori weights for variable n.  21

  1      0.143720482D+00
  2      0.146502386D+00
  3      0.351538521D+00
  4      0.232806520D+00
  5      0.290047275D-01
  6      0.396688887D-01
  7      0.266708062D-01
  8      0.100872662D-01
  9      0.100004015D-01
 10      0.100000000D-01

  a-priori weights for variable n.  22

  1      0.440554673D-01
  2      0.351631962D-01
  3      0.400179420D-01
  4      0.167626222D+00
  5      0.178683962D+00
  6      0.917129151D-01
  7      0.117605875D+00
  8      0.118930871D+00
  9      0.192793612D+00
 10      0.134099368D-01

  a-priori weights for variable n.  23

  1      0.592525955D-01
  2      0.233552981D+00
  3      0.412841408D+00
  4      0.164124395D+00
  5      0.566727343D-01
  6      0.143550064D-01
  7      0.291831138D-01
  8      0.100166719D-01
  9      0.100010916D-01
 10      0.100000025D-01

  a-priori weights for variable n.  24

  1      0.107339540D+00
  2      0.751262364D-01
  3      0.276938565D+00
  4      0.369193114D+00
  5      0.117832314D+00
  6      0.131925994D-01
  7      0.103450436D-01
  8      0.100325667D-01
  9      0.100000179D-01
 10      0.100000027D-01

  a-priori weights for variable n.  25

  1      0.188289024D+00
  2      0.485673200D-01
  3      0.442338420D-01
  4      0.193268510D+00
  5      0.152955106D+00
  6      0.127336407D+00
  7      0.394049457D-01
  8      0.960854502D-01
  9      0.708661308D-01
 10      0.389932633D-01

  a-priori weights for variable n.  26

  1      0.143998774D+00
  2      0.282272723D+00
  3      0.291022708D-01
  4      0.525422195D-01
  5      0.188877247D+00
  6      0.219702303D+00
  7      0.527920262D-01
  8      0.799457264D-02
  9      0.171247146D-01
 10      0.559314845D-02

  a-priori weights for variable n.  27

  1      0.516555117D+00
  2      0.151417451D-01
  3      0.219421585D+00
  4      0.139682744D+00
  5      0.163709581D-01
  6      0.379707181D-01
  7      0.141713117D-01
  8      0.250947873D-01
  9      0.677842854D-02
 10      0.881260545D-02

  a-priori weights for variable n.  28

  1      0.504204172D+00
  2      0.101650699D+00
  3      0.173364507D+00
  4      0.719023441D-01
  5      0.986133736D-01
  6      0.890314052D-02
  7      0.220841906D-01
  8      0.726464601D-02
  9      0.658512754D-02
 10      0.542779980D-02

  a-priori weights for variable n.  29

  1      0.247577299D+00
  2      0.114655022D-01
  3      0.118989067D-01
  4      0.953740705D-01
  5      0.209706507D-01
  6      0.344053498D+00
  7      0.691291062D-01
  8      0.287246872D-01
  9      0.129112413D+00
 10      0.416938661D-01

  a-priori weights for variable n.  30

  1      0.593313601D-02
  2      0.631829589D-02
  3      0.162889884D-01
  4      0.133812876D+00
  5      0.237031084D-01
  6      0.831839526D-01
  7      0.271424183D+00
  8      0.252728407D+00
  9      0.138845677D+00
 10      0.677613751D-01

  a-priori weights for variable n.  31

  1      0.352822416D-01
  2      0.278215172D+00
  3      0.183655664D+00
  4      0.157851691D+00
  5      0.342353212D-01
  6      0.178427294D+00
  7      0.454297555D-01
  8      0.312211277D-01
  9      0.165052699D-01
 10      0.391764640D-01

  a-priori weights for variable n.  32

  1      0.150533183D+00
  2      0.216876092D+00
  3      0.434441390D+00
  4      0.260496622D-01
  5      0.121196345D+00
  6      0.104459306D-01
  7      0.104569862D-01
  8      0.100004050D-01
  9      0.100000059D-01
 10      0.100000000D-01

  a-priori weights for variable n.  33

  1      0.266394895D-01
  2      0.182534216D+00
  3      0.105915948D+00
  4      0.864277877D-01
  5      0.295754759D+00
  6      0.446274567D-01
  7      0.230051853D-01
  8      0.934925684D-01
  9      0.118504681D+00
 10      0.230979087D-01

  a-priori weights for variable n.  34

  1      0.344991819D-01
  2      0.469411348D+00
  3      0.338085215D+00
  4      0.653443015D-01
  5      0.398705846D-01
  6      0.127351592D-01
  7      0.100323798D-01
  8      0.100218209D-01
  9      0.100000090D-01
 10      0.100000000D-01

  a-priori weights for variable n.  35

  1      0.102448120D-01
  2      0.174386234D-01
  3      0.224492920D-01
  4      0.153794982D-01
  5      0.880698867D+00
  6      0.137528629D-01
  7      0.100354566D-01
  8      0.100005752D-01
  9      0.100000126D-01
 10      0.100000006D-01

  a-priori weights for variable n.  36

  1      0.107964226D-01
  2      0.102235983D-01
  3      0.110230589D-01
  4      0.138684935D-01
  5      0.879212747D+00
  6      0.118973391D-01
  7      0.201605385D-01
  8      0.122438217D-01
  9      0.184930875D-01
 10      0.120808932D-01

  a-priori weights for variable n.  37

  1      0.938254382D+00
  2      0.764607192D-02
  3      0.108888865D-01
  4      0.945913684D-02
  5      0.597405000D-02
  6      0.637802805D-02
  7      0.536120951D-02
  8      0.582300496D-02
  9      0.518428139D-02
 10      0.503094920D-02

  a-priori weights for variable n.  38

  1      0.516316682D-02
  2      0.515992329D-02
  3      0.526122287D-02
  4      0.562277459D-02
  5      0.521447594D-02
  6      0.537602254D-02
  7      0.561976510D-02
  8      0.713789802D-02
  9      0.702510851D-02
 10      0.948419642D+00

  a-priori weights for variable n.  39

  1      0.611190168D-02
  2      0.142551085D-01
  3      0.957255434D-02
  4      0.749236963D-02
  5      0.932557619D+00
  6      0.773337944D-02
  7      0.515815288D-02
  8      0.515264441D-02
  9      0.651578209D-02
 10      0.545048855D-02

  a-priori weights for variable n.  40

  1      0.940094177D+00
  2      0.682217720D-02
  3      0.675215402D-02
  4      0.532365397D-02
  5      0.749886345D-02
  6      0.610635647D-02
  7      0.895861824D-02
  8      0.549509721D-02
  9      0.595501745D-02
 10      0.699388477D-02

  a-priori weights for variable n.  41

  1      0.507296437D-02
  2      0.578673981D-02
  3      0.616404355D-02
  4      0.617549143D-02
  5      0.936020274D+00
  6      0.667051695D-02
  7      0.654190567D-02
  8      0.116772570D-01
  9      0.636199337D-02
 10      0.952881396D-02

  a-priori weights for variable n.  42

  1      0.115490324D-01
  2      0.202484204D-01
  3      0.130582774D-01
  4      0.148238505D-01
  5      0.108754951D-01
  6      0.142242471D-01
  7      0.120232823D-01
  8      0.113124997D-01
  9      0.877309714D+00
 10      0.145751807D-01

  a-priori weights for variable n.  43

  1      0.123248295D-01
  2      0.881274402D+00
  3      0.334228903D-01
  4      0.123803364D-01
  5      0.104689074D-01
  6      0.101030180D-01
  7      0.100185079D-01
  8      0.100071033D-01
  9      0.100000056D-01
 10      0.100000000D-01

  a-priori weights for variable n.  44

  1      0.131226752D-01
  2      0.177122949D-01
  3      0.120134553D-01
  4      0.879550775D+00
  5      0.138846706D-01
  6      0.130971619D-01
  7      0.112576050D-01
  8      0.104220984D-01
  9      0.176930404D-01
 10      0.112462236D-01

  a-priori weights for variable n.  45

  1      0.105043982D-01
  2      0.885675207D+00
  3      0.210380203D-01
  4      0.141556169D-01
  5      0.150108360D-01
  6      0.134926092D-01
  7      0.100076199D-01
  8      0.101156918D-01
  9      0.100000007D-01
 10      0.100000000D-01

  totalmax and tmpfac

     0.856760527D+04     0.281842105D+02
 number wgted evts in the file,  sigma(pb), error(pb),  maxwgt
          449.0 0.478603E+03 0.107115E+03 0.908600E+08
 number weights
  0.1000E+07
0.912011E+08 0.912011E+08 0.912011E+08 0.912011E+08 0.912011E+08
